0.0004370625046171694
0.0004279725228978865
0.00044331024766273346
0.00048333718796568845
0.0005031959603488818
0.0004649454743405999
0.0004855560322610207
0.00039486227639267904
0.0003973707323062113
0.00046668716781410725
0.0004436018378019226
0.0005061638382418272
0.0004923270943130079
0.00047428529076589044
0.00043409168932012756
0.00042837360311379877
0.00040990484446647586
0.0004258752974302497
0.0004501638346197553
0.00046070965867880037
0.0004776345696059217
0.0005133955167560721
0.00046812659274003465
0.0005062574764039416
0.00043054260951001436
0.00040810004418208816
0.00047464038118803174
0.00045746721164920953
0.0004980919813837246
0.0004814670189825406
0.00047333790841676835
0.00044281762474518237
