0.00043697523310731387
0.0004280389321223265
0.0004416181979023385
0.00048493233117666686
0.0005023053684847836
0.0004642188584536829
0.0004864624633754264
0.00039977921090367035
0.00039262577014243525
0.0004670004830933048
0.000442552421745718
0.0005072466207158516
0.0004925308859658296
0.0004738019342962157
0.00043462411104722533
0.00042783464357170226
0.0004118998999950981
0.0004259509380887702
0.00045301591314298627
0.0004629105915398617
0.0004754512769742409
0.0005074562898798996
0.00046138347262728767
0.0005006158090385286
0.00043068014234358155
0.00041342945357490305
0.0004799779929073448
0.0004495949321475063
0.0005013402669412693
0.00048267271371077913
0.0004736931913826211
0.0004436152941066674
