0.00043715116585542617
0.0004276421630155422
0.00044325289889901435
0.00048251635649589454
0.000503323579270331
0.0004649771734542827
0.0004868370740768163
0.00039390472289260763
0.00039847653732210563
0.000468714569209976
0.0004440067245222005
0.0005061830238016226
0.0004923263028202733
0.00047425784972535384
0.00043542047063374563
0.0004268895529515056
0.0004091812461442668
0.00042534930585999363
0.00045010095812441405
0.0004614332483270243
0.0004812193487407711
0.0005120038939799085
0.00046617192802692287
0.0005067254526235246
0.00042877813713217307
0.0004105898188113319
0.0004762898092234762
0.00045575266182172126
0.0004942905209628114
0.00048186230933585
0.00047227562688549076
0.00044074564370308
