0.5008955001831055
0.5044698715209961
0.5098161697387695
0.5160989761352539
0.5224266052246094
0.5278244018554688
0.5311784744262695
0.5327520370483398
0.5311803817749023
0.5267038345336914
0.5206146240234375
0.5127773284912109
0.5048942565917969
0.49713993072509766
0.49111080169677734
0.48687076568603516
0.48554229736328125
0.4870138168334961
0.49037742614746094
0.4961118698120117
0.5027084350585938
0.5091133117675781
0.5146160125732422
0.5179166793823242
0.5193490982055664
0.5177497863769531
0.5129384994506836
0.5070400238037109
0.49925899505615234
0.49143123626708984
0.48404407501220703
0.47835636138916016
