0.5008964538574219
0.5044698715209961
0.5098381042480469
0.5160675048828125
0.5224094390869141
0.5277976989746094
0.5311546325683594
0.5327520370483398
0.5311107635498047
0.5267105102539062
0.5206117630004883
0.5127630233764648
0.5048770904541016
0.49714088439941406
0.4911222457885742
0.48683834075927734
0.48554515838623047
0.4870138168334961
0.4903907775878906
0.49612903594970703
0.502685546875
0.5090398788452148
0.5146427154541016
0.5178594589233398
0.5192890167236328
0.5176973342895508
0.5129117965698242
0.5070152282714844
0.49924564361572266
0.4914255142211914
0.4840097427368164
0.478302001953125
