0.5008974075317383
0.5044698715209961
0.5098409652709961
0.5160713195800781
0.5224208831787109
0.5277996063232422
0.5311431884765625
0.5327720642089844
0.5311431884765625
0.5267019271850586
0.5206031799316406
0.5127544403076172
0.5048685073852539
0.4971351623535156
0.49112510681152344
0.4868440628051758
0.4855470657348633
0.4870138168334961
0.4903841018676758
0.49613475799560547
0.5026512145996094
0.5090398788452148
0.5146408081054688
0.5179014205932617
0.5193262100219727
0.517725944519043
0.5128850936889648
0.5070276260375977
0.4992504119873047
0.4914255142211914
0.48404788970947266
0.4782981872558594
